48
13 7 9
34 9 21
61 5 24
173 24 24
217 79 12
255 152 14
255 249 89
214 246 104
143 250 55
22 158 38
28 93 42
13 56 34
13 29 31
0 25 31
0 49 56
0 100 87
0 141 109
8 196 159
89 223 176
170 232 202
69 197 217
37 149 207
2 89 153
25 58 145
16 20 56
9 13 25
21 21 56
46 38 77
86 46 115
160 58 158
200 101 143
237 175 185
247 200 217
247 243 206
241 228 175
231 204 147
209 158 113
158 109 79
115 50 46
77 38 48
36 23 32
28 18 22
16 17 18
32 34 35
255 128 128
169 176 176
210 214 215
241 242 241
2967
10 0 17 4
8 0 17 4
9 0 17 4
7 0 17 4
7 0 16 2
8 0 16 4
9 0 16 4
10 0 16 4
11 0 16 2
11 0 17 4
7 0 18 2
8 0 18 4
9 0 18 4
10 0 18 4
11 0 18 2
8 0 19 2
9 0 19 4
10 0 19 2
8 0 15 2
9 0 15 4
10 0 15 2
7 1 16 2
7 1 17 4
7 1 18 2
8 1 15 2
9 1 15 4
10 1 15 2
8 1 16 4
8 1 17 4
8 1 18 4
8 1 19 2
9 1 16 4
9 1 17 4
9 1 18 4
9 1 19 4
10 1 16 4
10 1 17 4
10 1 18 4
10 1 19 2
11 1 16 2
11 1 17 4
11 1 18 2
7 2 16 2
7 2 17 2
7 2 18 2
8 2 15 2
9 2 15 2
10 2 15 2
8 2 16 4
8 2 17 4
8 2 18 4
8 2 19 2
9 2 16 4
9 2 17 4
9 2 18 4
9 2 19 2
10 2 16 4
10 2 17 4
10 2 18 4
10 2 19 2
11 2 16 2
11 2 17 2
11 2 18 2
8 3 16 2
9 3 16 4
10 3 16 2
10 3 17 4
9 3 17 4
8 3 17 4
8 3 18 2
9 3 18 4
10 3 18 2
8 4 16 2
8 4 17 4
8 4 18 2
9 4 16 4
9 4 17 4
9 4 18 4
10 4 16 2
10 4 17 4
10 4 18 2
8 5 18 2
8 6 18 2
8 7 18 2
8 8 18 2
8 9 18 2
10 5 18 2
10 6 18 2
10 7 18 2
10 8 18 2
10 9 18 2
8 5 16 2
8 6 16 2
8 7 16 2
8 8 16 2
8 9 16 2
10 5 16 2
10 6 16 2
10 7 16 2
10 8 16 2
10 9 16 2
8 10 18 2
9 10 18 4
10 10 18 2
8 10 16 2
9 10 16 4
10 10 16 2
8 10 17 4
9 10 17 4
10 10 17 4
8 11 18 2
8 11 16 2
8 11 17 2
9 11 16 2
9 11 17 4
9 11 18 2
10 11 16 2
10 11 17 2
10 11 18 2
9 12 17 4
9 13 17 4
9 14 17 4
9 15 17 2
9 16 17 4
9 17 17 4
9 18 17 2
8 18 17 2
9 18 18 2
8 18 18 2
10 18 18 2
10 18 17 2
8 18 16 2
9 18 16 2
10 18 16 2
8 19 18 4
8 20 18 4
8 21 18 4
10 19 18 4
10 20 18 4
10 21 18 4
9 21 18 2
8 21 17 2
9 21 17 4
10 21 17 2
8 21 16 4
9 21 16 2
10 21 16 4
8 19 16 4
8 20 16 4
10 19 16 4
10 20 16 4
8 21 19 2
10 21 19 2
11 21 18 2
8 21 15 2
7 21 16 2
7 21 18 2
8 22 16 4
10 23 16 2
8 23 16 2
10 22 16 4
9 24 17 2
8 22 18 4
8 23 18 2
10 22 18 4
10 23 18 2
9 22 17 2
9 23 17 2
11 21 16 2
10 21 15 2
8 15 17 2
7 15 17 2
6 15 17 2
5 15 17 2
4 15 17 2
3 15 17 2
4 14 17 4
4 13 17 4
3 16 17 4
3 17 17 4
10 15 17 2
11 15 17 2
12 15 17 2
13 15 17 2
14 15 17 2
15 15 17 2
15 16 17 4
15 17 17 4
14 14 17 4
14 13 17 4
11 18 -2 4
11 19 -2 4
12 15 -2 4
12 18 -2 4
13 15 -2 4
13 18 -2 4
14 15 -2 4
14 16 -2 4
14 17 -2 4
14 18 -2 4
15 6 -2 4
15 7 -2 4
15 8 -2 4
15 9 -2 4
15 10 -2 4
15 11 -2 4
15 12 -2 4
15 13 -2 4
15 14 -2 4
15 15 -2 4
15 18 -2 4
16 15 -2 4
16 18 -2 4
17 15 -2 4
17 18 -2 4
18 15 -2 4
18 18 -2 4
19 15 -2 4
19 18 -2 4
20 15 -2 4
20 18 -2 4
21 15 -2 4
21 18 -2 4
22 15 -2 4
22 18 -2 4
23 15 -2 4
23 18 -2 4
24 6 -2 4
24 7 -2 4
24 8 -2 4
24 9 -2 4
24 10 -2 4
24 11 -2 4
24 12 -2 4
24 13 -2 4
24 14 -2 4
24 15 -2 4
24 18 -2 4
25 15 -2 4
25 16 -2 4
25 17 -2 4
25 18 -2 4
26 15 -2 4
26 18 -2 4
27 15 -2 4
27 18 -2 4
28 18 -2 4
28 19 -2 4
24 5 -2 4
24 4 -2 4
24 3 -2 4
24 2 -2 4
24 1 -2 4
15 5 -2 4
15 4 -2 4
15 3 -2 4
15 2 -2 4
15 1 -2 4
24 0 -2 4
15 0 -2 4
35 0 22 5
34 0 22 5
35 0 21 5
34 0 21 5
34 1 21 5
34 1 22 5
35 1 21 5
35 1 22 5
34 2 21 5
34 2 22 5
35 2 21 5
35 2 22 5
34 3 21 5
34 3 22 5
35 3 21 5
35 3 22 5
34 4 21 5
35 4 21 5
34 4 20 5
35 4 20 5
34 5 21 5
35 5 21 5
34 5 20 5
35 5 20 5
34 6 21 5
35 6 21 5
34 6 20 5
35 6 20 5
35 7 21 5
35 7 20 5
36 7 21 5
36 7 20 5
35 8 21 5
36 8 21 5
35 8 20 5
36 8 20 5
35 9 21 5
36 9 21 5
35 9 20 5
36 9 20 5
35 10 21 5
36 10 21 5
35 10 20 5
36 10 20 5
36 11 21 5
36 12 21 5
36 13 21 5
36 11 22 5
36 12 22 5
36 13 22 5
37 11 21 5
37 12 21 5
37 13 21 5
37 11 22 5
37 12 22 5
37 13 22 5
36 14 21 5
36 14 22 5
37 14 21 5
37 14 22 5
36 15 21 5
36 15 22 5
37 15 21 5
37 15 22 5
36 15 23 5
37 15 23 5
36 16 22 5
37 16 22 5
36 16 23 5
37 16 23 5
36 17 23 5
37 17 23 5
36 16 24 5
36 16 25 5
36 17 24 5
36 17 25 5
37 16 24 5
37 17 24 5
37 16 25 5
37 17 25 5
36 17 26 5
36 17 27 5
36 17 28 5
35 17 24 5
35 17 25 5
35 17 26 5
35 17 27 5
35 17 28 5
36 18 24 5
35 18 24 5
36 18 25 5
35 18 25 5
36 18 26 5
35 18 26 5
36 18 27 5
35 18 27 5
36 18 28 5
35 18 28 5
34 18 28 5
35 18 29 5
34 18 29 5
34 19 28 5
34 19 29 5
35 19 28 5
35 19 29 5
35 19 30 5
35 19 31 5
34 19 30 5
34 19 31 5
34 19 32 5
35 19 32 5
33 19 31 5
33 19 32 5
32 19 32 5
33 19 33 5
32 19 33 5
34 19 33 5
34 20 30 5
35 20 30 5
33 20 31 5
32 20 32 5
32 20 33 5
33 20 32 5
33 20 33 5
34 20 32 5
34 20 33 5
34 20 31 5
35 20 31 5
35 20 32 5
37 16 21 5
37 17 21 5
38 17 21 5
37 17 20 5
38 17 20 5
37 18 21 5
38 18 21 5
37 18 20 5
38 18 20 5
39 18 20 5
39 18 19 5
38 19 20 5
39 19 20 5
38 18 19 5
38 19 19 5
39 19 19 5
40 18 20 5
40 19 20 5
40 18 19 5
40 19 19 5
41 18 20 5
41 19 20 5
41 18 19 5
41 19 19 5
42 18 19 5
43 18 19 5
42 19 19 5
43 19 19 5
42 18 18 5
43 18 18 5
42 19 18 5
43 19 18 5
41 18 18 5
41 19 18 5
42 20 18 5
43 20 18 5
44 19 18 5
44 20 18 5
45 19 18 5
45 20 18 5
42 19 17 5
42 20 17 5
43 19 17 5
43 20 17 5
44 19 17 5
44 20 17 5
45 19 17 5
45 20 17 5
46 19 17 5
46 20 17 5
45 21 17 5
46 21 17 5
45 20 16 5
46 20 16 5
45 21 16 5
46 21 16 5
47 20 17 5
47 21 17 5
47 20 16 5
47 21 16 5
48 20 17 5
49 20 17 5
50 20 17 5
48 21 17 5
49 21 17 5
50 21 17 5
48 20 16 5
49 20 16 5
50 20 16 5
48 21 16 5
49 21 16 5
50 21 16 5
51 21 16 5
50 22 16 5
51 22 16 5
47 22 16 5
48 22 16 5
49 22 16 5
48 22 15 5
48 21 15 5
49 21 15 5
50 21 15 5
51 21 15 5
49 22 15 5
50 22 15 5
51 22 15 5
38 0 45 45
38 0 47 45
38 0 46 45
37 0 45 45
37 0 46 45
37 0 47 45
38 0 48 45
37 0 48 45
38 0 49 45
38 0 50 45
38 0 51 45
37 0 49 45
37 0 50 45
37 0 51 45
36 0 45 45
36 0 46 45
36 0 47 45
36 0 48 45
36 0 49 45
36 0 50 45
36 0 51 45
35 0 45 45
35 0 46 45
35 0 47 45
35 1 47 45
35 0 49 45
35 0 50 45
35 0 51 45
35 0 48 45
34 0 45 45
34 0 46 45
34 0 47 45
34 0 48 45
34 0 49 45
34 0 50 45
34 0 51 45
38 1 45 45
38 1 46 45
37 1 45 45
37 1 46 45
38 1 47 45
37 1 47 45
36 1 47 45
36 1 45 45
36 1 46 45
35 1 45 45
35 1 46 45
34 1 45 45
34 1 46 45
34 1 47 45
38 1 48 45
37 1 48 45
36 1 48 45
35 1 48 45
34 1 48 45
38 1 49 45
38 1 50 45
38 1 51 45
37 1 51 45
37 1 50 45
37 1 49 45
36 1 49 45
35 1 49 45
34 1 49 45
36 1 50 45
35 1 50 45
34 1 50 45
36 1 51 45
35 1 51 45
34 1 51 45
37 0 53 45
36 0 53 45
35 0 53 45
34 0 53 45
38 0 52 45
37 0 52 45
36 0 52 45
35 0 52 45
34 0 52 45
38 0 53 45
38 1 52 45
37 1 52 45
36 1 52 45
35 1 52 45
34 1 52 45
38 1 53 45
37 1 53 45
36 1 53 45
35 1 53 45
34 1 53 45
38 0 54 45
37 0 54 45
36 0 54 45
35 0 54 45
34 0 54 45
38 0 55 45
37 0 55 45
36 0 55 45
35 0 55 45
34 0 55 45
38 1 54 45
37 1 54 45
36 1 54 45
35 1 54 45
34 1 54 45
38 1 55 45
37 1 55 45
36 1 55 45
35 1 55 45
34 1 55 45
33 0 45 45
33 0 46 45
33 0 47 45
33 0 48 45
33 0 49 45
33 0 50 45
33 0 51 45
33 0 52 45
33 0 53 45
33 0 54 45
33 0 55 45
33 1 55 45
33 1 54 45
33 1 53 45
33 1 52 45
33 1 51 45
33 1 50 45
33 1 49 45
33 1 48 45
33 1 47 45
33 1 46 45
33 1 45 45
38 2 45 46
38 2 46 46
38 2 47 46
38 2 48 46
38 2 49 46
38 2 50 46
38 2 51 46
38 2 52 46
38 2 53 46
38 2 54 46
38 2 55 46
38 3 55 46
38 3 54 46
38 3 53 46
38 3 52 46
38 3 51 46
38 3 50 46
38 3 49 46
38 3 48 46
38 3 47 46
38 3 46 46
38 3 45 46
38 4 45 46
38 4 46 46
38 4 47 46
38 4 48 46
38 4 49 46
38 4 50 46
38 4 51 46
38 4 52 46
38 4 53 46
38 4 54 46
38 4 55 46
38 5 55 46
38 5 54 46
38 5 53 46
38 5 52 46
38 5 51 46
38 5 50 46
38 5 49 46
38 5 48 46
38 5 47 46
38 5 46 46
38 5 45 46
37 2 45 46
37 3 45 46
37 4 45 46
37 5 45 46
36 2 45 46
36 3 45 46
36 4 45 46
36 5 45 46
37 2 46 46
37 2 47 46
37 2 48 46
37 2 49 46
37 2 50 46
37 2 51 46
37 2 52 46
37 2 53 46
37 2 54 46
37 2 55 46
36 2 55 46
36 2 54 46
36 2 53 46
36 2 52 46
36 2 51 46
36 2 50 46
36 2 49 46
36 2 48 46
36 2 47 46
36 2 46 46
35 2 45 46
35 3 45 46
35 4 45 46
35 5 45 46
34 2 45 46
34 3 45 46
34 4 45 46
34 5 45 46
33 2 45 46
33 3 45 46
33 4 45 46
33 5 45 46
33 2 46 46
33 2 47 46
33 2 48 46
33 2 49 46
33 2 50 46
33 2 51 46
33 2 52 46
33 2 53 46
33 2 54 46
33 2 55 46
35 2 55 46
34 2 55 46
37 3 55 46
36 3 55 46
35 3 55 46
34 3 55 46
33 3 55 46
37 4 55 46
36 4 55 46
35 4 55 46
34 4 55 46
33 4 55 46
37 5 55 46
36 5 55 46
35 5 55 46
34 5 55 46
33 5 55 46
33 6 45 46
34 6 45 46
35 6 45 46
36 6 45 46
37 6 45 46
38 6 45 46
37 6 46 46
37 6 47 46
37 6 48 46
37 6 49 46
37 6 50 46
37 6 51 46
37 6 52 46
37 6 53 46
37 6 54 46
37 6 55 46
38 6 46 46
38 6 47 46
38 6 48 46
38 6 49 46
38 6 50 46
38 6 51 46
38 6 52 46
38 6 53 46
38 6 54 46
38 6 55 46
36 6 55 46
35 6 55 46
34 6 55 46
33 6 55 46
38 7 45 46
38 7 46 46
38 7 47 46
38 7 48 46
38 7 49 46
38 7 50 46
38 7 51 46
38 7 52 46
38 7 53 46
38 7 54 46
38 7 55 46
37 7 45 46
36 7 45 46
35 7 45 46
34 7 45 46
33 7 45 46
37 7 55 46
36 7 55 46
35 7 55 46
34 7 55 46
33 7 55 46
33 3 46 46
33 3 47 46
33 3 48 46
33 3 49 46
33 3 50 46
33 3 51 46
33 3 52 46
33 3 53 46
33 3 54 46
33 4 54 46
33 4 53 46
33 4 52 46
33 4 51 46
33 4 50 46
33 4 49 46
33 4 48 46
33 4 47 46
33 4 46 46
33 5 46 46
33 5 47 46
33 5 48 46
33 5 49 46
33 5 50 46
33 5 51 46
33 5 52 46
33 5 53 46
33 5 54 46
33 6 54 46
33 6 53 46
33 6 52 46
33 6 51 46
33 6 50 46
33 6 49 46
33 6 48 46
33 6 47 46
33 6 46 46
33 7 46 46
33 7 47 46
33 7 48 46
33 7 49 46
33 7 50 46
33 7 51 46
33 7 52 46
33 7 53 46
33 7 54 46
33 18 45 46
33 18 46 46
33 18 47 46
33 18 48 46
33 18 49 46
33 18 50 46
33 18 51 46
33 18 52 46
33 18 53 46
33 18 54 46
33 19 45 19
33 19 46 19
33 19 47 19
33 19 48 19
33 19 49 19
33 19 50 19
33 19 51 19
33 19 52 19
33 19 53 19
33 19 54 19
33 19 55 19
34 18 45 46
34 19 45 19
34 19 46 45
34 19 47 45
34 19 48 45
34 19 49 45
34 19 50 45
34 19 51 45
34 19 52 45
34 19 53 45
34 19 55 19
35 18 45 46
35 18 55 46
35 19 45 19
35 19 46 45
35 19 47 45
35 19 48 45
35 19 49 45
35 19 50 45
35 19 51 45
35 19 52 45
35 19 53 45
35 19 54 45
35 19 55 19
36 18 45 46
36 18 55 46
36 19 45 19
36 19 46 45
36 19 47 45
36 19 48 45
36 19 49 45
36 19 50 45
36 19 51 45
36 19 52 45
36 19 53 45
36 19 54 45
36 19 55 19
37 18 45 46
37 18 55 46
37 19 45 19
37 19 46 45
37 19 47 45
37 19 48 45
37 19 49 45
37 19 50 45
37 19 51 45
37 19 52 45
37 19 53 45
37 19 54 45
37 19 55 19
38 18 45 46
38 18 46 46
38 18 47 46
38 18 48 46
38 18 49 46
38 18 50 46
38 18 51 46
38 18 52 46
38 18 53 46
38 18 54 46
38 18 55 46
38 19 45 19
38 19 46 19
38 19 47 19
38 19 48 19
38 19 49 19
38 19 50 19
38 19 51 19
38 19 52 19
38 19 53 19
38 19 54 19
38 19 55 19
33 8 45 46
33 8 46 46
33 8 47 46
33 8 48 46
33 8 49 46
33 8 50 46
33 8 51 46
33 8 52 46
33 8 53 46
33 8 54 46
33 8 55 46
34 8 45 46
34 8 46 46
34 8 47 46
34 8 48 46
34 8 49 46
34 8 50 46
34 8 51 46
34 8 52 46
34 8 53 46
34 8 54 46
34 8 55 46
35 8 45 46
35 8 46 46
35 8 47 46
35 8 48 46
35 8 49 46
35 8 50 46
35 8 51 46
35 8 52 46
35 8 53 46
35 8 54 46
35 8 55 46
36 8 45 46
36 8 46 46
36 8 47 46
36 8 48 46
36 8 49 46
36 8 50 46
36 8 51 46
36 8 52 46
36 8 53 46
36 8 54 46
36 8 55 46
37 8 45 46
37 8 46 46
37 8 47 46
37 8 48 46
37 8 49 46
37 8 50 46
37 8 51 46
37 8 52 46
37 8 53 46
37 8 54 46
37 8 55 46
38 8 45 46
38 8 46 46
38 8 47 46
38 8 48 46
38 8 49 46
38 8 50 46
38 8 51 46
38 8 52 46
38 8 53 46
38 8 54 46
38 8 55 46
33 9 45 46
33 9 46 46
33 9 47 46
33 9 48 46
33 9 49 46
33 9 50 46
33 9 51 46
33 9 52 46
33 9 53 46
33 9 54 46
33 9 55 46
34 9 45 46
34 9 46 46
34 9 47 46
34 9 48 46
34 9 49 46
34 9 50 46
34 9 51 46
34 9 52 46
34 9 53 46
34 9 54 46
34 9 55 46
35 9 45 46
35 9 46 46
35 9 47 46
35 9 48 46
35 9 49 46
35 9 50 46
35 9 51 46
35 9 52 46
35 9 53 46
35 9 54 46
35 9 55 46
36 9 45 46
36 9 46 46
36 9 47 46
36 9 48 46
36 9 49 46
36 9 50 46
36 9 51 46
36 9 52 46
36 9 53 46
36 9 54 46
36 9 55 46
37 9 45 46
37 9 46 46
37 9 47 46
37 9 48 46
37 9 49 46
37 9 50 46
37 9 51 46
37 9 52 46
37 9 53 46
37 9 54 46
37 9 55 46
38 9 45 46
38 9 46 46
38 9 47 46
38 9 48 46
38 9 49 46
38 9 50 46
38 9 51 46
38 9 52 46
38 9 53 46
38 9 54 46
38 9 55 46
33 10 45 46
33 10 46 46
33 10 47 46
33 10 48 46
33 10 49 46
33 10 50 46
33 10 51 46
33 10 52 46
33 10 53 46
33 10 54 46
33 10 55 46
34 10 45 46
34 10 46 46
34 10 47 46
34 10 48 46
34 10 49 46
34 10 50 46
34 10 51 46
34 10 52 46
34 10 53 46
34 10 54 46
34 10 55 46
35 10 45 46
35 10 46 46
35 10 47 46
35 10 48 46
35 10 49 46
35 10 50 46
35 10 51 46
35 10 52 46
35 10 53 46
35 10 54 46
35 10 55 46
36 10 45 46
36 10 46 46
36 10 47 46
36 10 48 46
36 10 49 46
36 10 50 46
36 10 51 46
36 10 52 46
36 10 53 46
36 10 54 46
36 10 55 46
37 10 45 46
37 10 46 46
37 10 47 46
37 10 48 46
37 10 49 46
37 10 50 46
37 10 51 46
37 10 52 46
37 10 53 46
37 10 54 46
37 10 55 46
38 10 45 46
38 10 46 46
38 10 47 46
38 10 48 46
38 10 49 46
38 10 50 46
38 10 51 46
38 10 52 46
38 10 53 46
38 10 54 46
38 10 55 46
33 11 45 46
33 11 46 46
33 11 47 46
33 11 48 46
33 11 49 46
33 11 50 46
33 11 51 46
33 11 52 46
33 11 53 46
33 11 54 46
33 11 55 46
33 12 45 46
33 12 46 46
33 12 47 46
33 12 48 46
33 12 49 46
33 12 50 46
33 12 51 46
33 12 52 46
33 12 53 46
33 12 54 46
33 12 55 46
33 13 45 46
33 13 46 46
33 13 47 46
33 13 48 46
33 13 49 46
33 13 50 46
33 13 51 46
33 13 52 46
33 13 53 46
33 13 54 46
33 13 55 46
33 14 45 46
33 14 46 46
33 14 47 46
33 14 48 46
33 14 49 46
33 14 50 46
33 14 51 46
33 14 52 46
33 14 53 46
33 14 54 46
33 14 55 46
33 15 45 46
33 15 46 46
33 15 47 46
33 15 48 46
33 15 49 46
33 15 50 46
33 15 51 46
33 15 52 46
33 15 53 46
33 15 54 46
33 15 55 46
33 16 45 46
33 16 46 46
33 16 47 46
33 16 48 46
33 16 49 46
33 16 50 46
33 16 51 46
33 16 52 46
33 16 53 46
33 16 54 46
33 16 55 46
33 17 45 46
33 17 46 46
33 17 47 46
33 17 48 46
33 17 49 46
33 17 50 46
33 17 51 46
33 17 52 46
33 17 53 46
33 17 54 46
33 17 55 46
33 18 55 46
34 11 45 46
34 11 46 46
34 11 47 46
34 11 48 46
34 11 49 46
34 11 50 46
34 11 51 46
34 11 52 46
34 11 53 46
34 11 54 46
34 11 55 46
34 12 45 46
34 12 46 46
34 12 47 46
34 12 48 46
34 12 49 46
34 12 50 46
34 12 51 46
34 12 52 46
34 12 53 46
34 12 54 46
34 12 55 46
34 13 45 46
34 13 46 46
34 13 47 46
34 13 48 46
34 13 49 46
34 13 50 46
34 13 51 46
34 13 52 46
34 13 53 46
34 13 54 46
34 13 55 46
34 14 45 46
34 14 46 46
34 14 47 46
34 14 48 46
34 14 49 46
34 14 50 46
34 14 51 46
34 14 52 46
34 14 53 46
34 14 54 46
34 14 55 46
34 15 45 46
34 15 46 46
34 15 47 46
34 15 48 46
34 15 49 46
34 15 50 46
34 15 51 46
34 15 52 46
34 15 53 46
34 15 54 46
34 15 55 46
34 16 45 46
34 16 46 46
34 16 47 46
34 16 48 46
34 16 49 46
34 16 50 46
34 16 51 46
34 16 52 46
34 16 53 46
34 16 54 46
34 16 55 46
34 17 45 46
34 17 46 46
34 17 47 46
34 17 48 46
34 17 49 46
34 17 50 46
34 17 51 46
34 17 52 46
34 17 53 46
34 17 54 46
34 17 55 46
34 18 46 46
34 18 47 46
34 18 48 46
34 18 49 46
34 18 50 46
34 18 51 46
34 18 52 46
34 18 53 46
34 18 54 46
34 18 55 46
35 11 45 46
35 11 46 46
35 11 47 46
35 11 48 46
35 11 49 46
35 11 50 46
35 11 51 46
35 11 52 46
35 11 53 46
35 11 54 46
35 11 55 46
35 12 45 46
35 12 46 46
35 12 47 46
35 12 48 46
35 12 49 46
35 12 50 46
35 12 51 46
35 12 52 46
35 12 53 46
35 12 54 46
35 12 55 46
35 13 45 46
35 13 46 46
35 13 47 46
35 13 48 46
35 13 49 46
35 13 50 46
35 13 51 46
35 13 52 46
35 13 53 46
35 13 54 46
35 13 55 46
35 14 45 46
35 14 46 46
35 14 47 46
35 14 48 46
35 14 49 46
35 14 50 46
35 14 51 46
35 14 52 46
35 14 53 46
35 14 54 46
35 14 55 46
35 15 45 46
35 15 46 46
35 15 47 46
35 15 48 46
35 15 49 46
35 15 50 46
35 15 51 46
35 15 52 46
35 15 53 46
35 15 54 46
35 15 55 46
35 16 45 46
35 16 46 46
35 16 47 46
35 16 48 46
35 16 49 46
35 16 50 46
35 16 51 46
35 16 52 46
35 16 53 46
35 16 54 46
35 16 55 46
35 17 45 46
35 17 46 46
35 17 47 46
35 17 48 46
35 17 49 46
35 17 50 46
35 17 51 46
35 17 52 46
35 17 53 46
35 17 54 46
35 17 55 46
35 18 46 46
35 18 47 46
35 18 48 46
35 18 49 46
35 18 50 46
35 18 51 46
35 18 52 46
35 18 53 46
35 18 54 46
36 11 45 46
36 11 46 46
36 11 47 46
36 11 48 46
36 11 49 46
36 11 50 46
36 11 51 46
36 11 52 46
36 11 53 46
36 11 54 46
36 11 55 46
36 12 45 46
36 12 46 46
36 12 47 46
36 12 48 46
36 12 49 46
36 12 50 46
36 12 51 46
36 12 52 46
36 12 53 46
36 12 54 46
36 12 55 46
36 13 45 46
36 13 46 46
36 13 47 46
36 13 48 46
36 13 49 46
36 13 50 46
36 13 51 46
36 13 52 46
36 13 53 46
36 13 54 46
36 13 55 46
36 14 45 46
36 14 46 46
36 14 47 46
36 14 48 46
36 14 49 46
36 14 50 46
36 14 51 46
36 14 52 46
36 14 53 46
36 14 54 46
36 14 55 46
36 15 45 46
36 15 46 46
36 15 47 46
36 15 48 46
36 15 49 46
36 15 50 46
36 15 51 46
36 15 52 46
36 15 53 46
36 15 54 46
36 15 55 46
36 16 45 46
36 16 46 46
36 16 47 46
36 16 48 46
36 16 49 46
36 16 50 46
36 16 51 46
36 16 52 46
36 16 53 46
36 16 54 46
36 16 55 46
36 17 45 46
36 17 46 46
36 17 47 46
36 17 48 46
36 17 49 46
36 17 50 46
36 17 51 46
36 17 52 46
36 17 53 46
36 17 54 46
36 17 55 46
36 18 46 46
36 18 47 46
36 18 48 46
36 18 49 46
36 18 50 46
36 18 51 46
36 18 52 46
36 18 53 46
36 18 54 46
37 11 45 46
37 11 46 46
37 11 47 46
37 11 48 46
37 11 49 46
37 11 50 46
37 11 51 46
37 11 52 46
37 11 53 46
37 11 54 46
37 11 55 46
37 12 45 46
37 12 46 46
37 12 47 46
37 12 48 46
37 12 49 46
37 12 50 46
37 12 51 46
37 12 52 46
37 12 53 46
37 12 54 46
37 12 55 46
37 13 45 46
37 13 46 46
37 13 47 46
37 13 48 46
37 13 49 46
37 13 50 46
37 13 51 46
37 13 52 46
37 13 53 46
37 13 54 46
37 13 55 46
37 14 45 46
37 14 46 46
37 14 47 46
37 14 48 46
37 14 49 46
37 14 50 46
37 14 51 46
37 14 52 46
37 14 53 46
37 14 54 46
37 14 55 46
37 15 45 46
37 15 46 46
37 15 47 46
37 15 48 46
37 15 49 46
37 15 50 46
37 15 51 46
37 15 52 46
37 15 53 46
37 15 54 46
37 15 55 46
37 16 45 46
37 16 46 46
37 16 47 46
37 16 48 46
37 16 49 46
37 16 50 46
37 16 51 46
37 16 52 46
37 16 53 46
37 16 54 46
37 16 55 46
37 17 45 46
37 17 46 46
37 17 47 46
37 17 48 46
37 17 49 46
37 17 50 46
37 17 51 46
37 17 52 46
37 17 53 46
37 17 54 46
37 17 55 46
37 18 46 46
37 18 47 46
37 18 48 46
37 18 49 46
37 18 50 46
37 18 51 46
37 18 52 46
37 18 53 46
37 18 54 46
38 11 45 46
38 11 46 46
38 11 47 46
38 11 48 46
38 11 49 46
38 11 50 46
38 11 51 46
38 11 52 46
38 11 53 46
38 11 54 46
38 11 55 46
38 12 45 46
38 12 46 46
38 12 47 46
38 12 48 46
38 12 49 46
38 12 50 46
38 12 51 46
38 12 52 46
38 12 53 46
38 12 54 46
38 12 55 46
38 13 45 46
38 13 46 46
38 13 47 46
38 13 48 46
38 13 49 46
38 13 50 46
38 13 51 46
38 13 52 46
38 13 53 46
38 13 54 46
38 13 55 46
38 14 45 46
38 14 46 46
38 14 47 46
38 14 48 46
38 14 49 46
38 14 50 46
38 14 51 46
38 14 52 46
38 14 53 46
38 14 54 46
38 14 55 46
38 15 45 46
38 15 46 46
38 15 47 46
38 15 48 46
38 15 49 46
38 15 50 46
38 15 51 46
38 15 52 46
38 15 53 46
38 15 54 46
38 15 55 46
38 16 45 46
38 16 46 46
38 16 47 46
38 16 48 46
38 16 49 46
38 16 50 46
38 16 51 46
38 16 52 46
38 16 53 46
38 16 54 46
38 16 55 46
38 17 45 46
38 17 46 46
38 17 47 46
38 17 48 46
38 17 49 46
38 17 50 46
38 17 51 46
38 17 52 46
38 17 53 46
38 17 54 46
38 17 55 46
34 19 54 45
28 0 67 45
28 0 68 45
28 0 69 45
28 0 70 45
28 0 71 45
28 0 72 45
28 0 73 45
28 0 74 45
28 0 75 45
28 0 76 45
28 0 77 45
28 0 78 45
28 0 79 45
28 0 80 45
29 0 67 45
29 0 68 45
29 0 69 45
29 0 70 45
29 0 71 45
29 0 72 45
29 0 73 45
29 0 74 45
29 0 75 45
29 0 76 45
29 0 77 45
29 0 78 45
29 0 79 45
29 0 80 45
30 0 67 45
30 0 68 45
30 0 69 45
30 0 70 45
30 0 71 45
30 0 72 45
30 0 73 45
30 0 74 45
30 0 75 45
30 0 76 45
30 0 77 45
30 0 78 45
30 0 79 45
30 0 80 45
31 0 67 45
31 0 68 45
31 0 69 45
31 0 70 45
31 0 71 45
31 0 72 45
31 0 73 45
31 0 74 45
31 0 75 45
31 0 76 45
31 0 77 45
31 0 78 45
31 0 79 45
31 0 80 45
32 0 67 45
32 0 68 45
32 0 69 45
32 0 70 45
32 0 71 45
32 0 72 45
32 0 73 45
32 0 74 45
32 0 75 45
32 0 76 45
32 0 77 45
32 0 78 45
32 0 79 45
32 0 80 45
33 0 67 45
33 0 68 45
33 0 69 45
33 0 70 45
33 0 71 45
33 0 72 45
33 0 73 45
33 0 74 45
33 0 75 45
33 0 76 45
33 0 77 45
33 0 78 45
33 0 79 45
33 0 80 45
34 0 67 45
34 0 68 45
34 0 69 45
34 0 70 45
34 0 71 45
34 0 72 45
34 0 73 45
34 0 74 45
34 0 75 45
34 0 76 45
34 0 77 45
34 0 78 45
34 0 79 45
34 0 80 45
35 0 67 45
35 0 68 45
35 0 69 45
35 0 70 45
35 0 71 45
35 0 72 45
35 0 73 45
35 0 74 45
35 0 75 45
35 0 76 45
35 0 77 45
35 0 78 45
35 0 79 45
35 0 80 45
36 0 67 45
36 0 68 45
36 0 69 45
36 0 70 45
36 0 71 45
36 0 72 45
36 0 73 45
36 0 74 45
36 0 75 45
36 0 76 45
36 0 77 45
36 0 78 45
36 0 79 45
36 0 80 45
28 1 67 47
28 1 68 47
28 1 69 47
28 1 70 47
28 1 71 47
28 1 72 47
28 1 73 47
28 1 74 47
28 1 75 47
28 1 76 47
28 1 77 47
28 1 78 47
28 1 79 47
28 1 80 47
29 1 67 47
29 1 68 47
29 1 69 47
29 1 70 47
29 1 71 47
29 1 72 47
29 1 73 47
29 1 74 47
29 1 75 47
29 1 76 47
29 1 77 47
29 1 78 47
29 1 79 47
29 1 80 47
30 1 67 47
30 1 68 47
30 1 69 47
30 1 70 47
30 1 71 47
30 1 72 47
30 1 73 47
30 1 74 47
30 1 75 47
30 1 76 47
30 1 77 47
30 1 78 47
30 1 79 47
30 1 80 47
31 1 67 47
31 1 68 47
31 1 69 47
31 1 70 47
31 1 71 47
31 1 72 47
31 1 73 47
31 1 74 47
31 1 75 47
31 1 76 47
31 1 77 47
31 1 78 47
31 1 79 47
31 1 80 47
32 1 67 47
32 1 68 47
32 1 69 47
32 1 70 47
32 1 71 47
32 1 72 47
32 1 73 47
32 1 74 47
32 1 75 47
32 1 76 47
32 1 77 47
32 1 78 47
32 1 79 47
32 1 80 47
33 1 67 47
33 1 68 47
33 1 69 47
33 1 70 47
33 1 71 47
33 1 72 47
33 1 73 47
33 1 74 47
33 1 75 47
33 1 76 47
33 1 77 47
33 1 78 47
33 1 79 47
33 1 80 47
34 1 67 47
34 1 68 47
34 1 69 47
34 1 70 47
34 1 71 47
34 1 72 47
34 1 73 47
34 1 74 47
34 1 75 47
34 1 76 47
34 1 77 47
34 1 78 47
34 1 79 47
34 1 80 47
35 1 67 47
35 1 68 47
35 1 69 47
35 1 70 47
35 1 71 47
35 1 72 47
35 1 73 47
35 1 74 47
35 1 75 47
35 1 76 47
35 1 77 47
35 1 78 47
35 1 79 47
35 1 80 47
36 1 67 47
36 1 68 47
36 1 69 47
36 1 70 47
36 1 71 47
36 1 72 47
36 1 73 47
36 1 74 47
36 1 75 47
36 1 76 47
36 1 77 47
36 1 78 47
36 1 79 47
36 1 80 47
28 2 67 47
28 2 68 47
28 2 69 47
28 2 70 47
28 2 71 47
28 2 72 47
28 2 73 47
28 2 74 47
28 2 75 47
28 2 76 47
28 2 77 47
28 2 78 47
28 2 79 47
28 2 80 47
29 2 67 47
29 2 68 47
29 2 69 47
29 2 70 47
29 2 71 47
29 2 72 47
29 2 73 47
29 2 74 47
29 2 75 47
29 2 76 47
29 2 77 47
29 2 78 47
29 2 79 47
29 2 80 47
30 2 67 47
30 2 68 47
30 2 69 47
30 2 70 47
30 2 71 47
30 2 72 47
30 2 73 47
30 2 74 47
30 2 75 47
30 2 76 47
30 2 77 47
30 2 78 47
30 2 79 47
30 2 80 47
31 2 67 47
31 2 68 47
31 2 69 47
31 2 70 47
31 2 71 47
31 2 72 47
31 2 73 47
31 2 74 47
31 2 75 47
31 2 76 47
31 2 77 47
31 2 78 47
31 2 79 47
31 2 80 47
32 2 67 47
32 2 68 47
32 2 69 47
32 2 70 47
32 2 71 47
32 2 72 47
32 2 73 47
32 2 74 47
32 2 75 47
32 2 76 47
32 2 77 47
32 2 78 47
32 2 79 47
32 2 80 47
33 2 67 47
33 2 68 47
33 2 69 47
33 2 70 47
33 2 71 47
33 2 72 47
33 2 73 47
33 2 74 47
33 2 75 47
33 2 76 47
33 2 77 47
33 2 78 47
33 2 79 47
33 2 80 47
34 2 67 47
34 2 68 47
34 2 69 47
34 2 70 47
34 2 71 47
34 2 72 47
34 2 73 47
34 2 74 47
34 2 75 47
34 2 76 47
34 2 77 47
34 2 78 47
34 2 79 47
34 2 80 47
35 2 67 47
35 2 68 47
35 2 69 47
35 2 70 47
35 2 71 47
35 2 72 47
35 2 73 47
35 2 74 47
35 2 75 47
35 2 76 47
35 2 77 47
35 2 78 47
35 2 79 47
35 2 80 47
36 2 67 47
36 2 68 47
36 2 69 47
36 2 70 47
36 2 71 47
36 2 72 47
36 2 73 47
36 2 74 47
36 2 75 47
36 2 76 47
36 2 77 47
36 2 78 47
36 2 79 47
36 2 80 47
28 3 67 47
28 3 68 47
28 3 69 47
28 3 70 47
28 3 71 47
28 3 72 47
28 3 73 47
28 3 74 47
28 3 75 47
28 3 76 47
28 3 77 47
28 3 78 47
28 3 79 47
28 3 80 47
29 3 67 47
29 3 68 47
29 3 69 47
29 3 70 47
29 3 71 47
29 3 72 47
29 3 73 47
29 3 74 47
29 3 75 47
29 3 76 47
29 3 77 47
29 3 78 47
29 3 79 47
29 3 80 47
30 3 67 47
30 3 68 47
30 3 69 47
30 3 70 47
30 3 71 47
30 3 72 47
30 3 73 47
30 3 74 47
30 3 75 47
30 3 76 47
30 3 77 47
30 3 78 47
30 3 79 47
30 3 80 47
31 3 67 47
31 3 68 47
31 3 69 47
31 3 70 47
31 3 71 47
31 3 72 47
31 3 73 47
31 3 74 47
31 3 75 47
31 3 76 47
31 3 77 47
31 3 78 47
31 3 79 47
31 3 80 47
32 3 67 47
32 3 68 47
32 3 69 47
32 3 70 47
32 3 71 47
32 3 72 47
32 3 73 47
32 3 74 47
32 3 75 47
32 3 76 47
32 3 77 47
32 3 78 47
32 3 79 47
32 3 80 47
33 3 67 47
33 3 68 47
33 3 69 47
33 3 70 47
33 3 71 47
33 3 72 47
33 3 73 47
33 3 74 47
33 3 75 47
33 3 76 47
33 3 77 47
33 3 78 47
33 3 79 47
33 3 80 47
34 3 67 47
34 3 68 47
34 3 69 47
34 3 70 47
34 3 71 47
34 3 72 47
34 3 73 47
34 3 74 47
34 3 75 47
34 3 76 47
34 3 77 47
34 3 78 47
34 3 79 47
34 3 80 47
35 3 67 47
35 3 68 47
35 3 69 47
35 3 70 47
35 3 71 47
35 3 72 47
35 3 73 47
35 3 74 47
35 3 75 47
35 3 76 47
35 3 77 47
35 3 78 47
35 3 79 47
35 3 80 47
36 3 67 47
36 3 68 47
36 3 69 47
36 3 70 47
36 3 71 47
36 3 72 47
36 3 73 47
36 3 74 47
36 3 75 47
36 3 76 47
36 3 77 47
36 3 78 47
36 3 79 47
36 3 80 47
28 4 67 20
28 4 68 20
28 4 69 20
28 4 70 20
28 4 71 20
28 4 72 20
28 4 73 20
28 4 74 20
28 4 75 20
28 4 76 20
28 4 77 20
28 4 78 20
28 4 79 20
28 4 80 20
29 4 67 20
29 4 68 20
29 4 69 20
29 4 70 20
29 4 71 20
29 4 72 20
29 4 73 20
29 4 74 20
29 4 75 20
29 4 76 20
29 4 77 20
29 4 78 20
29 4 79 20
29 4 80 20
30 4 67 20
30 4 68 20
30 4 69 20
30 4 70 20
30 4 71 20
30 4 72 20
30 4 73 20
30 4 74 20
30 4 75 20
30 4 76 20
30 4 77 20
30 4 78 20
30 4 79 20
30 4 80 20
31 4 67 20
31 4 68 20
31 4 69 20
31 4 70 20
31 4 71 20
31 4 72 20
31 4 73 20
31 4 74 20
31 4 75 20
31 4 76 20
31 4 77 20
31 4 78 20
31 4 79 20
31 4 80 20
32 4 67 20
32 4 68 20
32 4 69 20
32 4 70 20
32 4 71 20
32 4 72 20
32 4 73 20
32 4 74 20
32 4 75 20
32 4 76 20
32 4 77 20
32 4 78 20
32 4 79 20
32 4 80 20
33 4 67 20
33 4 68 20
33 4 69 20
33 4 70 20
33 4 71 20
33 4 72 20
33 4 73 20
33 4 74 20
33 4 75 20
33 4 76 20
33 4 77 20
33 4 78 20
33 4 79 20
33 4 80 20
34 4 67 20
34 4 68 20
34 4 69 20
34 4 70 20
34 4 71 20
34 4 72 20
34 4 73 20
34 4 74 20
34 4 75 20
34 4 76 20
34 4 77 20
34 4 78 20
34 4 79 20
34 4 80 20
35 4 67 20
35 4 68 20
35 4 69 20
35 4 70 20
35 4 71 20
35 4 72 20
35 4 73 20
35 4 74 20
35 4 75 20
35 4 76 20
35 4 77 20
35 4 78 20
35 4 79 20
35 4 80 20
36 4 67 20
36 4 68 20
36 4 69 20
36 4 70 20
36 4 71 20
36 4 72 20
36 4 73 20
36 4 74 20
36 4 75 20
36 4 76 20
36 4 77 20
36 4 78 20
36 4 79 20
36 4 80 20
28 5 67 20
29 5 67 20
30 5 67 20
31 5 67 20
32 5 67 20
33 5 67 20
34 5 67 20
35 5 67 20
36 5 67 20
28 6 67 20
29 6 67 20
30 6 67 20
31 6 67 20
32 6 67 20
33 6 67 20
34 6 67 20
35 6 67 20
36 6 67 20
28 7 67 20
29 7 67 20
30 7 67 20
31 7 67 20
32 7 67 20
33 7 67 20
34 7 67 20
35 7 67 20
36 7 67 20
28 8 67 20
29 8 67 20
30 8 67 20
31 8 67 20
32 8 67 20
33 8 67 20
34 8 67 20
35 8 67 20
36 8 67 20
28 9 67 20
29 9 67 20
30 9 67 20
31 9 67 20
32 9 67 20
33 9 67 20
34 9 67 20
35 9 67 20
36 9 67 20
28 10 67 20
29 10 67 20
30 10 67 20
31 10 67 20
32 10 67 20
33 10 67 20
34 10 67 20
35 10 67 20
36 10 67 20
28 11 67 20
29 11 67 20
30 11 67 20
31 11 67 20
32 11 67 20
33 11 67 20
34 11 67 20
35 11 67 20
36 11 67 20
28 12 67 20
29 12 67 20
30 12 67 20
31 12 67 20
32 12 67 20
33 12 67 20
34 12 67 20
35 12 67 20
36 12 67 20
28 13 67 20
29 13 67 20
30 13 67 20
31 13 67 20
32 13 67 20
33 13 67 20
34 13 67 20
35 13 67 20
36 13 67 20
28 14 67 20
29 14 67 20
30 14 67 20
31 14 67 20
32 14 67 20
33 14 67 20
34 14 67 20
35 14 67 20
36 14 67 20
28 15 67 20
29 15 67 20
30 15 67 20
31 15 67 20
32 15 67 20
33 15 67 20
34 15 67 20
35 15 67 20
36 15 67 20
28 16 67 20
29 16 67 20
30 16 67 20
31 16 67 20
32 16 67 20
33 16 67 20
34 16 67 20
35 16 67 20
36 16 67 20
28 17 67 20
29 17 67 20
30 17 67 20
31 17 67 20
32 17 67 20
33 17 67 20
34 17 67 20
35 17 67 20
36 17 67 20
36 5 68 20
36 5 69 20
36 5 70 20
36 5 71 20
36 5 72 20
36 5 73 20
36 5 74 20
36 5 75 20
36 5 76 20
36 5 77 20
36 5 78 20
36 5 79 20
36 5 80 20
36 6 68 20
36 6 69 20
36 6 70 20
36 6 71 20
36 6 72 20
36 6 73 20
36 6 74 20
36 6 75 20
36 6 76 20
36 6 77 20
36 6 78 20
36 6 79 20
36 6 80 20
36 7 68 20
36 7 69 20
36 7 70 20
36 7 71 20
36 7 72 20
36 7 73 20
36 7 74 20
36 7 75 20
36 7 76 20
36 7 77 20
36 7 78 20
36 7 79 20
36 7 80 20
36 8 68 20
36 8 69 20
36 8 70 20
36 8 71 20
36 8 72 20
36 8 73 20
36 8 74 20
36 8 75 20
36 8 76 20
36 8 77 20
36 8 78 20
36 8 79 20
36 8 80 20
36 9 68 20
36 9 69 20
36 9 70 20
36 9 71 20
36 9 72 20
36 9 73 20
36 9 74 20
36 9 75 20
36 9 76 20
36 9 77 20
36 9 78 20
36 9 79 20
36 9 80 20
36 10 68 20
36 10 69 20
36 10 70 20
36 10 71 20
36 10 72 20
36 10 73 20
36 10 74 20
36 10 75 20
36 10 76 20
36 10 77 20
36 10 78 20
36 10 79 20
36 10 80 20
36 11 68 20
36 11 69 20
36 11 70 20
36 11 71 20
36 11 72 20
36 11 73 20
36 11 74 20
36 11 75 20
36 11 76 20
36 11 77 20
36 11 78 20
36 11 79 20
36 11 80 20
36 12 68 20
36 12 69 20
36 12 70 20
36 12 71 20
36 12 72 20
36 12 73 20
36 12 74 20
36 12 75 20
36 12 76 20
36 12 77 20
36 12 78 20
36 12 79 20
36 12 80 20
36 13 68 20
36 13 69 20
36 13 70 20
36 13 71 20
36 13 72 20
36 13 73 20
36 13 74 20
36 13 75 20
36 13 76 20
36 13 77 20
36 13 78 20
36 13 79 20
36 13 80 20
36 14 68 20
36 14 69 20
36 14 70 20
36 14 71 20
36 14 72 20
36 14 73 20
36 14 74 20
36 14 75 20
36 14 76 20
36 14 77 20
36 14 78 20
36 14 79 20
36 14 80 20
36 15 68 20
36 15 69 20
36 15 70 20
36 15 71 20
36 15 72 20
36 15 73 20
36 15 74 20
36 15 75 20
36 15 76 20
36 15 77 20
36 15 78 20
36 15 79 20
36 15 80 20
36 16 68 20
36 16 69 20
36 16 70 20
36 16 71 20
36 16 72 20
36 16 73 20
36 16 74 20
36 16 75 20
36 16 76 20
36 16 77 20
36 16 78 20
36 16 79 20
36 16 80 20
36 17 68 20
36 17 69 20
36 17 70 20
36 17 71 20
36 17 72 20
36 17 73 20
36 17 74 20
36 17 75 20
36 17 76 20
36 17 77 20
36 17 78 20
36 17 79 20
36 17 80 20
28 5 80 20
28 6 80 20
28 7 80 20
28 8 80 20
28 9 80 20
28 10 80 20
28 11 80 20
28 12 80 20
28 13 80 20
28 14 80 20
28 15 80 20
28 16 80 20
28 17 80 20
29 5 80 20
29 6 80 20
29 7 80 20
29 8 80 20
29 9 80 20
29 10 80 20
29 11 80 20
29 12 80 20
29 13 80 20
29 14 80 20
29 15 80 20
29 16 80 20
29 17 80 20
30 5 80 20
30 6 80 20
30 7 80 20
30 8 80 20
30 9 80 20
30 10 80 20
30 11 80 20
30 12 80 20
30 13 80 20
30 14 80 20
30 15 80 20
30 16 80 20
30 17 80 20
31 5 80 20
31 6 80 20
31 7 80 20
31 8 80 20
31 9 80 20
31 10 80 20
31 11 80 20
31 12 80 20
31 13 80 20
31 14 80 20
31 15 80 20
31 16 80 20
31 17 80 20
32 5 80 20
32 6 80 20
32 7 80 20
32 8 80 20
32 9 80 20
32 10 80 20
32 11 80 20
32 12 80 20
32 13 80 20
32 14 80 20
32 15 80 20
32 16 80 20
32 17 80 20
33 5 80 20
33 6 80 20
33 7 80 20
33 8 80 20
33 9 80 20
33 10 80 20
33 11 80 20
33 12 80 20
33 13 80 20
33 14 80 20
33 15 80 20
33 16 80 20
33 17 80 20
34 5 80 20
34 6 80 20
34 7 80 20
34 8 80 20
34 9 80 20
34 10 80 20
34 11 80 20
34 12 80 20
34 13 80 20
34 14 80 20
34 15 80 20
34 16 80 20
34 17 80 20
35 5 80 20
35 6 80 20
35 7 80 20
35 8 80 20
35 9 80 20
35 10 80 20
35 11 80 20
35 12 80 20
35 13 80 20
35 14 80 20
35 15 80 20
35 16 80 20
35 17 80 20
28 5 68 20
28 5 69 20
28 5 70 20
28 5 71 20
28 5 72 20
28 5 73 20
28 5 74 20
28 5 75 20
28 5 76 20
28 5 77 20
28 5 78 20
28 5 79 20
28 6 68 20
28 6 69 20
28 6 70 20
28 6 71 20
28 6 72 20
28 6 73 20
28 6 74 20
28 6 75 20
28 6 76 20
28 6 77 20
28 6 78 20
28 6 79 20
28 7 68 20
28 7 69 20
28 7 70 20
28 7 71 20
28 7 72 20
28 7 73 20
28 7 74 20
28 7 75 20
28 7 76 20
28 7 77 20
28 7 78 20
28 7 79 20
28 8 68 20
28 8 69 20
28 8 70 20
28 8 71 20
28 8 72 20
28 8 73 20
28 8 74 20
28 8 75 20
28 8 76 20
28 8 77 20
28 8 78 20
28 8 79 20
28 9 68 20
28 9 69 20
28 9 70 20
28 9 71 20
28 9 72 20
28 9 73 20
28 9 74 20
28 9 75 20
28 9 76 20
28 9 77 20
28 9 78 20
28 9 79 20
28 10 68 20
28 10 69 20
28 10 70 20
28 10 71 20
28 10 72 20
28 10 73 20
28 10 74 20
28 10 75 20
28 10 76 20
28 10 77 20
28 10 78 20
28 10 79 20
28 11 68 20
28 11 69 20
28 11 70 20
28 11 71 20
28 11 72 20
28 11 73 20
28 11 74 20
28 11 75 20
28 11 76 20
28 11 77 20
28 11 78 20
28 11 79 20
28 12 68 20
28 12 69 20
28 12 70 20
28 12 71 20
28 12 72 20
28 12 73 20
28 12 74 20
28 12 75 20
28 12 76 20
28 12 77 20
28 12 78 20
28 12 79 20
28 13 68 20
28 13 69 20
28 13 70 20
28 13 71 20
28 13 72 20
28 13 73 20
28 13 74 20
28 13 75 20
28 13 76 20
28 13 77 20
28 13 78 20
28 13 79 20
28 14 68 20
28 14 69 20
28 14 70 20
28 14 71 20
28 14 72 20
28 14 73 20
28 14 74 20
28 14 75 20
28 14 76 20
28 14 77 20
28 14 78 20
28 14 79 20
28 15 68 20
28 15 69 20
28 15 70 20
28 15 71 20
28 15 72 20
28 15 73 20
28 15 74 20
28 15 75 20
28 15 76 20
28 15 77 20
28 15 78 20
28 15 79 20
28 16 68 20
28 16 69 20
28 16 70 20
28 16 71 20
28 16 72 20
28 16 73 20
28 16 74 20
28 16 75 20
28 16 76 20
28 16 77 20
28 16 78 20
28 16 79 20
28 17 68 20
28 17 69 20
28 17 70 20
28 17 71 20
28 17 72 20
28 17 73 20
28 17 74 20
28 17 75 20
28 17 76 20
28 17 77 20
28 17 78 20
28 17 79 20
28 18 67 43
29 18 67 43
30 18 67 43
31 18 67 43
32 18 67 43
33 18 67 43
34 18 67 43
35 18 67 43
36 18 67 43
36 18 68 43
36 18 69 43
36 18 70 43
36 18 71 43
36 18 72 43
36 18 73 43
36 18 74 43
36 18 75 43
36 18 76 43
36 18 77 43
36 18 78 43
36 18 79 43
36 18 80 43
28 18 80 43
29 18 80 43
30 18 80 43
31 18 80 43
32 18 80 43
33 18 80 43
34 18 80 43
35 18 80 43
28 18 68 43
28 18 69 43
28 18 70 43
28 18 71 43
28 18 72 43
28 18 73 43
28 18 74 43
28 18 75 43
28 18 76 43
28 18 77 43
28 18 78 43
28 18 79 43
29 18 68 45
29 18 69 45
29 18 70 45
29 18 71 45
29 18 72 45
29 18 73 45
29 18 74 45
29 18 75 45
29 18 76 45
29 18 77 45
29 18 78 45
29 18 79 45
30 18 68 45
30 18 69 45
30 18 70 45
30 18 71 45
30 18 72 45
30 18 73 45
30 18 74 45
30 18 75 45
30 18 76 45
30 18 77 45
30 18 78 45
30 18 79 45
31 18 68 45
31 18 69 45
31 18 70 45
31 18 71 45
31 18 72 45
31 18 73 45
31 18 74 45
31 18 75 45
31 18 76 45
31 18 77 45
31 18 78 45
31 18 79 45
32 18 68 45
32 18 69 45
32 18 70 45
32 18 71 45
32 18 72 45
32 18 73 45
32 18 74 45
32 18 75 45
32 18 76 45
32 18 77 45
32 18 78 45
32 18 79 45
33 18 68 45
33 18 69 45
33 18 70 45
33 18 71 45
33 18 72 45
33 18 73 45
33 18 74 45
33 18 75 45
33 18 76 45
33 18 77 45
33 18 78 45
33 18 79 45
34 18 68 45
34 18 69 45
34 18 70 45
34 18 71 45
34 18 72 45
34 18 73 45
34 18 74 45
34 18 75 45
34 18 76 45
34 18 77 45
34 18 78 45
34 18 79 45
35 18 68 45
35 18 69 45
35 18 70 45
35 18 71 45
35 18 72 45
35 18 73 45
35 18 74 45
35 18 75 45
35 18 76 45
35 18 77 45
35 18 78 45
35 18 79 45
6 0 45 38
6 1 45 38
6 2 45 38
6 3 45 10
6 4 45 10
5 3 45 10
4 3 45 10
6 3 46 10
5 3 46 10
4 3 46 10
6 3 47 10
5 3 47 10
6 3 44 10
5 3 44 10
4 3 44 10
6 3 43 10
7 3 47 10
8 3 46 10
7 3 46 10
7 3 45 10
8 3 45 10
7 3 44 10
8 3 44 10
7 3 43 10
8 3 43 10
4 4 45 10
4 4 46 10
4 4 47 10
5 4 43 10
5 4 44 10
5 4 45 10
5 4 46 10
5 4 47 10
6 4 43 10
6 4 44 10
6 4 46 10
6 4 47 10
7 4 43 10
7 4 44 10
7 4 45 10
7 4 46 10
7 4 47 10
8 4 44 10
8 4 45 10
8 4 46 10
5 5 45 10
6 5 46 10
7 5 44 10
7 5 45 10
5 6 45 10
6 6 44 10
6 6 45 10
6 6 46 10
7 6 45 10
4 4 44 10
5 3 43 10
6 5 45 10
6 5 44 10
8 4 43 10
